c 30000 30434
a 15901855 344599155 1780
a 344599155 15901855 1780
a 344599155 344597245 1037
a 344597245 344599155 1037
a 344597245 344599124 844
a 344599124 344597245 844
a 60676557 896322074 1300
a 896322074 60676557 1300
a 304725044 339652771 8114
a 339652771 304725044 8114
a 1988609941 50487838 3139
a 50487838 1988609941 3139
a 14468344 50488069 3744
a 50488069 14468344 3744
a 15904767 59866237 3961
a 59866237 15904767 3961
a 59866237 59866238 803
a 59866238 59866237 803
a 15904747 59766216 550
a 59766216 339983176 557
a 15904616 15904617 170
a 15904617 15904616 170
a 50565174 50566827 5071
a 50566827 50565174 5071
a 50566827 2448258324 187
a 2448258324 50566827 187
a 2448258324 50566846 1332
a 50566846 2448258324 1332
a 50566827 2448258326 191
a 2448258326 50566827 191
a 2448258326 50566842 3533
a 50566842 2448258326 3533
a 2345177533 287802539 2424
a 287802539 2345177533 2424
a 287802539 15904787 176
a 15904787 287802539 176
a 15904787 287802536 2674
a 287802536 15904787 2674
a 287802536 287801276 746
a 287801276 287802536 746
a 287801276 15904782 571
a 15904782 287801276 571
a 15904782 15904780 1034
a 15904780 15904782 1034
a 15904762 51303045 3831
a 51303045 15904762 3831
a 50532723 51303045 242
a 51303045 15904767 262
a 15904767 51303047 219
a 51303047 50532723 312
a 15905288 1726884418 599
a 1726884418 339983404 623
a 59730170 1071406812 1638
a 1071406812 59730170 1638
a 51319438 51319395 409
a 51319395 51319438 409
a 51319395 335631122 6013
a 335631122 51319395 6013
a 335631122 51319412 7555
a 51319412 335631122 7555
a 51319412 2066046638 7701
a 2066046638 51319412 7701
a 255843122 14471032 740
a 59849929 498738457 447
a 51336790 59728780 192
a 59728780 51336798 155
a 51336798 51336794 167
a 51336794 51336790 155
a 59728823 59728815 2400
a 59728815 59728823 2400
a 14472111 59728815 1726
a 59728815 14472111 1726
a 59728815 59728808 3052
a 59728808 59728815 3052
a 59728808 59728806 971
a 59728806 59728808 971
a 59728806 51336794 7760
a 51336794 59728806 7760
a 59730146 59730158 557
a 59730158 59730146 557
a 59730158 897108897 406
a 897108897 59730158 406
a 897108897 59730160 1275
a 59730160 897108897 1275
a 14472139 1432519618 1799
a 1432519618 14472139 1799
a 51318350 772099479 475
a 772099479 51318350 475
a 772099479 59730088 768
a 59730088 772099479 768
a 59730088 14472132 331
a 14472132 59730088 331
a 59730170 59730168 211
a 59730168 59730170 211
a 59730168 59730172 2611
a 59730172 59730168 2611
a 59730172 59730206 1840
a 59730206 59730172 1840
a 59730146 897108992 1074
a 897108992 59730146 1074
a 897108992 59730154 315
a 59730154 897108992 315
a 59730134 59733282 2357
a 59733282 59730134 2357
a 59730102 59733283 154
a 59733283 59730098 160
a 59730098 59730100 163
a 59730100 59730102 120
a 59730098 59730111 380
a 59730111 59730098 380
a 59730100 778681545 756
a 778681545 59730100 756
a 778681545 899117745 843
a 899117745 778681545 843
a 899117745 899117959 1393
a 899117959 899117745 1393
a 899117959 60465037 1465
a 60465037 899117959 1465
a 60465037 775321627 970
a 775321627 60465037 970
a 1432519620 59730102 3785
a 59730102 1432519620 3785
a 14472139 778681518 964
a 778681518 14472139 964
a 778681518 775321640 3406
a 775321640 778681518 3406
a 775321640 59730119 1597
a 59730119 775321640 1597
a 59730119 335634244 1125
a 335634244 59730119 1125
a 335634244 335634246 2291
a 335634246 335634244 2291
a 335634246 335634227 1893
a 335634227 335634246 1893
a 59740270 1432456548 825
a 1432456548 59740270 825
a 59730136 2424682895 245
a 2424682895 59730136 245
a 2424682895 59740277 1108
a 59740277 2424682895 1108
a 51318334 59740283 437
a 59740283 51318334 437
a 59740324 59740308 8853
a 59740308 59740324 8853
a 59740308 59740292 5158
a 59740292 59740308 5158
a 59740292 59740288 2297
a 59740288 59740292 2297
a 59740308 59740343 4140
a 59740343 59740308 4140
a 14472099 59740920 4575
a 59740920 14472099 4575
a 51324471 59740954 347
a 59740954 51324471 347
a 59740954 59740953 1012
a 59740953 59740954 1012
a 59740953 59740940 6033
a 59740940 59740953 6033
a 59740940 59740936 1499
a 59740936 59740940 1499
a 60676566 826419991 3554
a 826419991 60676566 3554
a 826419991 14472111 2522
a 14472111 826419991 2522
a 14472111 335634038 1600
a 335634038 14472111 1600
a 335634038 2062673694 5054
a 2062673694 335634038 5054
a 14471803 2218389577 346
a 2218389577 14471803 346
a 2218389577 2218352095 1563
a 2218352095 2218389577 1563
a 2218352095 2218352085 637
a 2218352085 2218352095 637
a 2218352085 341141510 259
a 341141510 2218352085 259
a 341141510 2218352083 516
a 2218352083 341141510 516
a 2218352083 2218352145 441
a 2218352145 2218352083 441
a 2218352145 341141522 1697
a 341141522 2218352145 1697
a 341141522 2218352089 3487
a 2218352089 341141522 3487
a 2218352089 59744492 623
a 59744492 2218352089 623
a 59744654 2277578382 75
a 2277578382 59744654 75
a 59744641 59744655 929
a 59744655 59744641 929
a 59744655 2312074495 482
a 2312074495 59744655 482
a 2312074495 59745676 2357
a 59745676 2312074495 2357
a 59744643 1357176614 425
a 1357176614 59744643 425
a 1357176614 59744641 280
a 59744641 1357176614 280
a 59744637 59744627 372
a 59744627 59744637 372
a 1357176725 59744618 2502
a 59744618 59744617 1021
a 59744618 59744620 1063
a 59744620 59744618 1063
a 59744607 59744596 4801
a 59744596 59744607 4801
a 59744596 560770344 134
a 560770344 59744596 134
a 59744616 60481483 357
a 60481483 59744616 357
a 60481483 2212639556 1885
a 2212639556 60481483 1885
a 431526132 1335030411 1260
a 1335030411 431526132 1260
a 502442854 502542838 829
a 59744638 1357176545 619
a 1357176545 59744638 619
a 276036648 59747741 532
a 59747743 276036648 445
a 59747745 59747743 591
a 275387026 59747743 1089
a 59747743 59747744 215
a 14469407 497394577 58822
a 497394577 14469407 58822
a 497394577 2453544361 67700
a 2453544361 497394577 67700
a 14470596 858353315 2662
a 858353315 14470596 2662
a 858353315 3063715529 8605
a 3063715529 858353315 8605
a 51382627 2868616782 193
a 2868616782 51382627 193
a 2868616782 2502576029 6564
a 2502576029 2868616782 6564
a 2502576029 2853306904 9449
a 2853306904 2502576029 9449
a 2853306904 2853307778 840
a 2853307778 2853306904 840
a 2853307778 2502575960 1228
a 2502575960 2853307778 1228
a 2502575960 2502575945 5644
a 2502575945 2502575960 5644
a 2502575945 2371468766 113
a 2371468766 2502575945 113
a 51392546 51392549 2064
a 51392549 51392546 2064
a 51392549 339489241 9797
a 339489241 51392549 9797
a 50488096 1987668405 2745
a 1987668405 50488096 2745
a 1987668405 50488074 283
a 50488074 1987668405 283
a 50488074 50487810 2255
a 50487810 50488074 2255
a 50565191 2996667787 1468
a 2996667787 50565191 1468
a 2996667787 2996667778 502
a 2996667778 2996667787 502
a 2996667778 274068020 2796
a 274068020 2996667778 2796
a 274068020 510163843 2124
a 510163843 274068020 2124
a 510163843 510163860 234
a 510163860 510163843 234
a 339983491 15905292 142
a 15905292 2358964629 73
a 2358964629 2996705392 320
a 2996705392 50565191 288
a 50565191 2344104444 302
a 2344104444 339983491 187
a 14468350 339983504 116
a 339983504 1434053160 50
a 1434053160 14468351 114
a 14468351 339983510 65
a 339983510 50565204 109
a 50565204 14468352 118
a 14468352 339983505 104
a 339983505 14468350 52
a 15905290 1726884349 955
a 1726884349 1434053317 1527
a 15905290 939851780 301
a 939851780 15905288 665
a 15905288 339983404 244
a 339983404 339983410 198
a 339983410 15905289 265
a 15905289 15905290 256
a 15905287 15905286 3462
a 15905286 15905287 3462
a 15904746 1726281422 782
a 1726281422 510583305 746
a 50532664 339983178 195
a 339983178 50532657 97
a 50532657 339983179 268
a 339983179 15904746 301
a 15904746 510583305 239
a 510583305 15904747 170
a 15904747 339983176 280
a 339983176 50532664 195
a 51324687 59740332 4003
a 59740332 51324687 4003
a 277278826 59747745 2336
a 59747751 59747750 606
a 59747750 59747751 606
a 59747741 268724294 407
a 268724294 59747754 343
a 21103150 255850500 334
a 255850500 255850498 2949
a 59849916 21103141 6320
a 21103145 59847792 435
a 59847793 21103162 14520
a 21103180 21103952 17248
a 21103185 334242652 290
a 334242652 59849918 198
a 59849918 334242639 86
a 334242639 50486933 225
a 50486933 334242646 568
a 334242646 21103185 158
a 334244813 21103185 707
a 1725811495 334242616 154
a 334242616 50486939 67
a 50486939 334242630 278
a 334242630 334242626 221
a 334242626 50486944 209
a 50486944 50486949 188
a 50486949 1725811495 51
a 50486949 3161736410 551
a 3161736410 3161736411 94
a 3161736411 334242616 456
a 59849920 59849919 332
a 59849919 50487001 599
a 50487001 1041129255 84
a 1041129255 59849920 231
a 50487001 2927146333 19913
a 2927146333 50487001 19913
a 2927146333 2927146331 3920
a 2927146331 2927146333 3920
a 2927146331 14471011 514
a 14471011 2927146331 514
a 14471011 82577926 83107
a 82577926 14471011 83107
a 82577926 51370819 21805
a 51370819 82577926 21805
a 51370819 2751900871 18664
a 2751900871 51370819 18664
a 2751900871 2751903922 969
a 2751903922 2751900871 969
a 2751903922 257416693 427
a 257416693 2751903922 427
a 257416693 1041287621 1749
a 1041287621 257416693 1749
a 1041287621 14470983 6093
a 14470983 1041287621 6093
a 14470983 14470979 14669
a 14470979 14470983 14669
a 50487506 59849926 1961
a 59849926 50487506 1961
a 14470979 1042276250 26612
a 1042276250 14470979 26612
a 1042276250 50487506 30687
a 50487506 1042276250 30687
a 59849927 59849928 156
a 59849928 498738463 189
a 498738463 498738517 200
a 498738517 498738468 119
a 498738468 59849929 145
a 59849929 498738467 125
a 498738467 498738465 201
a 498738465 59849927 125
a 51392263 2857899822 272
a 2857899822 51392263 272
a 2857899822 1828185089 165
a 1828185089 2857899822 165
a 1828185089 1038333447 1600
a 1038333447 1828185089 1600
a 1038333447 2502601374 5424
a 2502601374 1038333447 5424
a 2502601374 51392324 6623
a 51392324 2502601374 6623
a 51392340 2852318700 421
a 2852318700 51392340 421
a 2852318700 51392347 2168
a 51392347 2852318700 2168
a 51392340 334248353 222
a 334248353 51392324 285
a 51392324 51392340 552
a 59755331 51392356 244
a 51392356 51392347 266
a 51392347 51392352 241
a 51392352 59755331 204
a 51392356 2852316588 2196
a 2852316588 51392356 2196
a 2852316588 59852854 1116
a 59852854 2852316588 1116
a 51392263 2857899819 204
a 2857899819 51392263 204
a 59862140 15906830 1044
a 15906830 59862140 1044
a 15906830 2974967248 1744
a 2974967248 15906830 1744
a 2974967248 15905292 299
a 15905292 2974967248 299
a 339983418 1726884419 394
a 1726884419 50532576 389
a 50532576 339983416 81
a 339983416 50505935 134
a 50505935 939851776 191
a 939851776 50532585 174
a 50532585 356930247 79
a 356930247 339983421 159
a 339983421 339983418 220
a 339983418 50532576 163
a 356930239 1726487236 364
a 1726487236 50532605 343
a 59862146 339983434 89
a 339983434 356930239 62
a 356930239 50532605 147
a 50532605 339983433 106
a 339983433 287800472 195
a 287800472 339983431 164
a 339983431 50532614 151
a 50532614 339983436 74
a 339983436 356930235 154
a 356930235 59862146 66
a 59862148 1726281338 602
a 1726281338 339983392 598
a 50532619 339983387 133
a 339983387 59862147 86
a 59862147 339983389 203
a 339983389 59862149 202
a 59862149 339983390 178
a 339983390 59862148 62
a 59862148 339983392 209
a 339983392 50532619 121
a 50532624 59862152 800
a 50532632 356930202 168
a 356930202 356930188 137
a 356930188 50532636 182
a 50532636 356930198 109
a 356930198 356930185 201
a 356930185 50532624 142
a 50532624 356930210 181
a 356930210 50532632 104
a 50487937 1434053003 5671
a 1434053003 50487937 5671
a 1434053003 1987675459 1417
a 1987675459 1434053003 1417
a 1987675459 50488177 866
a 50488177 1987675459 866
a 50487937 14468344 5877
a 14468344 50487937 5877
a 50487875 50488146 1094
a 50488146 50487875 1094
a 50487810 1987668505 3788
a 1987668505 50487810 3788
a 1987668505 50487838 741
a 50487838 1987668505 741
a 50533209 50533153 8076
a 50533153 50533209 8076
a 50533153 309148043 11399
a 309148043 50533153 11399
a 309148043 3067706782 4490
a 3067706782 309148043 4490
a 3067706782 50533118 2462
a 50533118 3067706782 2462
a 50533118 3067585783 3985
a 3067585783 50533118 3985
a 3067585783 309156692 2024
a 309156692 3067585783 2024
a 309156692 50533106 3891
a 50533106 309156692 3891
a 51303082 287799143 178
a 287799143 51303082 178
a 287799143 287532905 185
a 287532905 287799143 185
a 287532905 287799141 195
a 287799141 287532905 195
a 287799141 512088017 218
a 512088017 287799141 218
a 512088017 15904806 418
a 15904806 512088017 418
a 15904806 51303079 251
a 51303079 15904806 251
a 51303079 15904802 214
a 15904802 51303079 214
a 15904802 50532747 343
a 50532747 15904802 343
a 59866732 59866731 2541
a 59866731 59866732 2541
a 15904826 287801275 3480
a 287801275 15904826 3480
a 287801275 287801276 183
a 287801276 287801275 183
a 15904759 15904751 191
a 15904751 59867809 169
a 59867809 15904752 253
a 15904752 15904762 199
a 15904762 15904759 229
a 50532632 356930200 413
a 287812983 510833825 4886
a 510833825 287812983 4886
a 510833825 15904754 24
a 15904754 510833825 24
a 50532781 510754940 218
a 510754940 50532781 218
a 510754940 61872342 978
a 61872342 510754940 978
a 15904826 15904824 333
a 15904824 15904826 333
a 15904824 2718270571 1673
a 2718270571 15904824 1673
a 2311171302 50533228 6836
a 50533228 2311171302 6836
a 510572687 15904780 1775
a 15904780 510572687 1775
a 15904780 2718270614 1391
a 2718270614 15904780 1391
a 59898208 50532920 4605
a 50532920 59898208 4605
a 59898226 59898228 489
a 59898228 59898214 962
a 59898214 59898226 482
a 59898232 59898228 7510
a 59898228 59898232 7510
a 59898230 339983168 256
a 339983168 59898232 496
a 59898232 59898234 339
a 59898234 59898230 484
a 50533106 3067703313 3232
a 3067703313 50533106 3232
a 15904787 50532694 1014
a 50532694 15904787 1014
a 50532694 51303057 76
a 51303057 50532694 76
a 51303057 51303054 388
a 51303054 51303057 388
a 51303054 836786165 962
a 51303064 51303079 723
a 51303079 51303064 723
a 15904802 51303070 610
a 51303070 15904802 610
a 50532773 512088010 375
a 512088010 50532773 375
a 50532702 60343762 619
a 60343762 50532702 619
a 287800429 512008063 178
a 512008063 60343762 1143
a 512088017 287532908 380
a 50532702 50565198 1859
a 50565198 287800429 362
a 287800429 287804572 194
a 287804572 15904799 766
a 287800443 287800537 139
a 287800537 287800443 139
a 287800537 287800526 2859
a 287800526 287800537 2859
a 287800526 287800529 275
a 287800529 287800526 275
a 287800529 287800528 252
a 287800528 287800529 252
a 287800528 2345177536 1055
a 2345177536 287800528 1055
a 51303094 353269334 6176
a 353269334 51303094 6176
a 353269334 1427973028 1019
a 1427973028 353269334 1019
a 51303094 353117964 343
a 353117964 51303085 278
a 51303085 51303094 663
a 50533209 353279502 34167
a 353279502 50533209 34167
a 59898214 353287432 1231
a 353287432 59898214 1231
a 14468350 1726970562 201
a 15905364 15905357 10921
a 15905357 15905364 10921
a 15905357 300446499 2422
a 300446499 15905357 2422
a 300446499 300446840 9129
a 300446840 300446499 9129
a 1847509145 1847509151 2690
a 1847509151 1847509145 2690
a 1847509151 60370691 782
a 60370691 1847509151 782
a 60370662 721345162 105
a 721345162 721345179 45
a 721345179 721345223 276
a 721345223 60370666 53
a 60370666 721345276 259
a 721345276 256070716 81
a 256070716 721345305 327
a 721345305 721345316 147
a 721345316 60370662 79
a 60360184 60370500 2798
a 60370500 60360184 2798
a 60370500 60370501 206
a 60370501 60370500 206
a 560574706 60375856 743
a 60375856 560574706 743
a 60375856 2121136952 1042
a 2121136952 60375856 1042
a 339846031 339846015 113
a 339846015 339846009 217
a 339846009 339846023 108
a 60378623 339840713 550
a 60378616 60378615 528
a 60378615 339840697 1491
a 339840697 60378613 854
a 60378613 339837209 1313
a 60378611 2119165205 1454
a 2119165205 339840698 624
a 339840698 60375601 1495
a 60375601 60378623 545
a 339825961 339851626 236
a 339851626 339825961 236
a 339851626 339845998 559
a 339845998 339851626 559
a 339845998 60375848 741
a 60375848 339845998 741
a 339821242 339825979 1074
a 339825979 339821242 1074
a 339825979 339851656 436
a 339851656 339825979 436
a 60375665 339837209 159
a 339837209 339837213 81
a 339837213 339837207 115
a 339837207 338866968 68
a 338866968 60375666 174
a 60375666 339837722 54
a 339837722 338866964 98
a 338866964 60378611 99
a 60378611 60375665 53
a 60375632 60375652 2717
a 60375652 60375632 2717
a 60375652 339840714 397
a 339840714 60375652 397
a 60375613 60375632 1908
a 60375632 60375613 1908
a 59730084 59730077 728
a 59730077 59730084 728
a 59730146 59730142 485
a 59730142 59730146 485
a 59730142 51318342 382
a 51318342 59730142 382
a 51318342 495580658 573
a 495580658 51318342 573
a 495580658 59730170 716
a 59730170 495580658 716
a 59730111 60465033 250
a 60465033 59730111 250
a 59730111 60465031 283
a 60465031 59730111 283
a 60465031 60465032 471
a 60465032 60465031 471
a 60465032 826378620 2685
a 826378620 60465032 2685
a 826378620 826378615 660
a 826378615 826378620 660
a 826378615 899117720 879
a 899117720 826378615 879
a 899117720 826378578 4437
a 826378578 899117720 4437
a 826378578 1460400302 2076
a 1460400302 826378578 2076
a 15901855 51303319 4329
a 51303319 15901855 4329
a 51303319 925355935 3541
a 925355935 51303319 3541
a 925355935 344404785 14393
a 344404785 925355935 14393
a 344404785 925358208 10510
a 925358208 344404785 10510
a 925358208 344595063 36915
a 344595063 925358208 36915
a 59744663 1829222535 1068
a 1829222535 59744663 1068
a 51305024 59744663 299
a 59744663 51305024 299
a 59744662 559762707 273
a 59730088 59730084 1772
a 59730084 59730088 1772
a 59730084 59733283 3950
a 59733283 59730084 3950
a 51318334 2432710628 689
a 2432710628 59730136 2454
a 59740924 59740921 914
a 59740921 59740924 914
a 59740926 59740924 1614
a 59740924 59740926 1614
a 59740928 59740926 399
a 59740926 59740928 399
a 59740929 59740928 370
a 59740928 59740929 370
a 59740936 60473335 1910
a 60473335 59740936 1910
a 59740932 59740929 1488
a 59740929 59740932 1488
a 14471730 411264343 2312
a 411264343 14471730 2312
a 411264343 21103900 7398
a 21103900 411264343 7398
a 21103900 1972837381 37729
a 1972837381 21103900 37729
a 502442779 60476159 749
a 60476159 59744635 779
a 59744611 59744607 2827
a 59744607 59744611 2827
a 59745671 297614095 6941
a 297614095 59745671 6941
a 59744625 59744638 1357
a 60596467 1798240593 4677
a 1798240593 60596467 4677
a 60596478 1798240656 77
a 60596476 60596467 2344
a 60596467 60596476 2344
a 2992859746 2996138225 1147
a 2996138225 2992859746 1147
a 2996138225 2996138236 509
a 2996138236 2996138225 509
a 2996138236 1798240764 1442
a 1798240764 2996138236 1442
a 339833150 60375670 179
a 60375672 339833148 179
a 339833148 60375670 147
a 60375670 338866956 97
a 338866956 60599749 94
a 60599749 60375673 196
a 60375673 339837186 105
a 339837186 60375672 127
a 60599734 60599731 433
a 3202234185 3202234181 94
a 3202234181 1832747820 1839
a 1832747820 1832747810 330
a 60607284 60607285 204
a 60607285 60607284 204
a 59730254 60605909 12144
a 60605909 59730254 12144
a 60605909 60606225 65695
a 60606225 60605909 65695
a 60612184 285511088 24039
a 285511088 60612184 24039
a 285511088 60612628 74486
a 60612628 285511088 74486
a 60612628 2779821350 5110
a 2779821350 60612628 5110
a 2779821350 500865568 485
a 500865568 2779821350 485
a 500865568 60612642 207
a 60612642 500865568 207
a 60612642 283728202 292
a 283728202 60612642 292
a 60613495 393998735 8869
a 393998735 60613495 8869
a 393998735 1457475836 601
a 1457475836 393998735 601
a 1457475836 1457474900 14239
a 1457474900 1457475836 14239
a 1457474900 393989426 62680
a 393989426 1457474900 62680
a 393989426 393989414 100
a 393989414 393989426 100
a 393989414 393989391 655
a 393989391 393989414 655
a 393989391 1248355564 1027
a 1248355564 393989391 1027
a 1248355564 393989403 561
a 393989403 1248355564 561
a 393989403 256450201 25445
a 256450201 393989403 25445
a 60608220 486636989 53508
a 486636989 60608220 53508
a 486636989 486633968 3614
a 486633968 486636989 3614
a 486633968 60608702 74523
a 60608702 486633968 74523
a 60608702 486727687 548
a 486727687 60608702 548
a 60612151 60612162 3206
a 60612162 60612151 3206
a 60613574 60613599 2456
a 60613599 60613574 2456
a 60613599 60613607 3637
a 60613607 60613599 3637
a 60623165 420750592 33163
a 420750592 60623165 33163
a 60623165 60623197 8817
a 60623197 60623165 8817
a 60623197 60623199 841
a 60623199 60623197 841
a 60623199 60623206 1133
a 60623206 60623199 1133
a 60623206 60623247 9494
a 60623247 60623206 9494
a 60623247 60623251 1081
a 60623251 60623247 1081
a 60624047 394937351 9455
a 394937351 60624047 9455
a 334249157 339484745 705
a 339484745 334249157 705
a 339484775 339484770 639
a 339484770 339484775 639
a 339484770 60624138 410
a 60624138 339484770 410
a 60624138 60624141 457
a 60624141 60624138 457
a 60624141 339484834 572
a 339484834 60624141 572
a 51392586 2351769450 11908
a 2351769450 51392586 11908
a 60624134 2857889917 919
a 2857889917 60624134 919
a 2857889917 339484805 487
a 339484805 2857889917 487
a 60624146 334249178 1091
a 334249178 60624146 1091
a 60624132 334249178 151
a 334249178 60624130 132
a 60624130 60624167 278
a 60624167 334249157 218
a 334249157 60624134 219
a 60624134 60624132 100
a 274064615 519344713 1496
a 519344713 274064615 1496
a 519344713 2310913567 3147
a 2310913567 519344713 3147
a 2310913567 519344774 5464
a 519344774 2310913567 5464
a 519344774 2310904617 3645
a 2310904617 519344774 3645
a 2310904617 519344917 15999
a 519344917 2310904617 15999
a 519344917 2310890442 67147
a 2310890442 519344917 67147
a 2310890442 2310884815 2132
a 2310884815 2310890442 2132
a 2310884815 3178770740 1295
a 3178770740 2310884815 1295
a 3178770740 2310884810 728
a 2310884810 3178770740 728
a 2310884810 15904616 1114
a 15904616 2310884810 1114
a 295999112 295999115 1126
a 295999115 295999112 1126
a 295999115 295998577 3132
a 295998577 295999115 3132
a 295998577 295998591 3444
a 295998591 295998577 3444
a 15901855 344599198 519
a 344599198 15901855 519
a 15904566 2312523094 2515
a 2312523094 15904566 2515
a 2312523094 788366266 1649
a 788366266 2312523094 1649
a 788366266 2312531444 2921
a 2312531444 788366266 2921
a 2312531444 3075460025 3574
a 3075460025 2312531444 3574
a 3075460025 344938615 4475
a 344938615 3075460025 4475
a 344342098 51303280 652
a 60668149 347509188 4412
a 347509188 60668149 4412
a 347509188 347509230 3683
a 347509230 347509188 3683
a 347509230 347509195 2333
a 347509195 347509230 2333
a 347509195 347507096 7694
a 347507096 347509195 7694
a 60668149 60668151 244
a 60668151 60668150 214
a 60668150 60674715 237
a 60674715 60668149 268
a 82575574 337572935 26446
a 337572935 82575574 26446
a 337572935 337572891 25416
a 337572891 337572935 25416
a 337572891 60674716 46433
a 60674716 337572891 46433
a 255875876 59744596 2048
a 59744596 255863415 1590
a 59744593 14471730 2635
a 14471730 59744593 2635
a 59744587 344189019 115
a 344189019 344189020 229
a 344189020 344189032 101
a 344189032 344189021 162
a 344189021 344189022 107
a 344189022 344189023 135
a 344189023 59744587 106
a 14471759 344052144 257
a 344052144 14471759 257
a 14471803 2218352122 988
a 2218352122 14471803 988
a 2218352122 14471802 238
a 14471802 2218352122 238
a 14472100 1023261224 1091
a 1023261224 14472100 1091
a 1023261224 14472104 24210
a 14472104 1023261224 24210
a 51324471 59740921 2087
a 59740921 51324471 2087
a 59740921 14472099 7183
a 14472099 59740921 7183
a 14472099 14472100 1118
a 14472100 14472099 1118
a 51319438 60676567 248
a 60676567 60676566 523
a 60676566 51319438 229
a 60676937 60676938 308
a 60676938 51332028 312
a 51332028 60676937 494
a 60676937 1071669829 3496
a 1071669829 60676937 3496
a 51336790 895608934 1958
a 895608934 51336790 1958
a 895608934 14472139 5756
a 14472139 895608934 5756
a 266174256 14468468 1933
a 61155600 14468466 1678
a 14468466 61155600 1678
a 14469859 14469865 4596
a 14469865 14469859 4596
a 14469859 14469854 9823
a 14469854 14469859 9823
a 14470565 334214373 30448
a 334214373 14470565 30448
a 334214373 2868747449 1503
a 2868747449 334214373 1503
a 2868747449 2868747439 1563
a 2868747439 2868747449 1563
a 2868747439 14470562 1264
a 14470562 2868747439 1264
a 14470562 339509134 307
a 339509134 14470562 307
a 339509134 2868746936 2486
a 2868746936 339509134 2486
a 2868746936 2868666088 762
a 2868666088 2868746936 762
a 2868666088 2868666053 795
a 2868666053 2868666088 795
a 2868666053 334214305 13170
a 334214305 2868666053 13170
a 334214305 14470560 2056
a 14470560 334214305 2056
a 14470560 14470558 7114
a 14470558 14470560 7114
a 14470558 858297550 13121
a 858297550 14470558 13121
a 858297550 334214436 12074
a 334214436 858297550 12074
a 334214436 248867167 5277
a 248867167 334214436 5277
a 248867167 51382627 4680
a 51382627 248867167 4680
a 921565651 344596903 28421
a 344596903 921565651 28421
a 344596903 15901855 2647
a 15901855 344596903 2647
a 15904531 344599660 2516
a 344599660 15904531 2516
a 344599660 344599658 2639
a 344599658 344599660 2639
a 2358305542 1961843486 12714
a 1961843486 2358305542 12714
a 1961843486 21104431 6403
a 21104431 1961843486 6403
a 21104431 1039013817 18265
a 1039013817 21104431 18265
a 1039013817 21104320 1452
a 21104320 1039013817 1452
a 21104320 338408366 6388
a 338408366 21104320 6388
a 338408366 2975184886 2809
a 2975184886 338408366 2809
a 2975184886 2016707312 3131
a 2016707312 2975184886 3131
a 2016707312 2016707316 435
a 2016707316 2016707312 435
a 287806062 50565194 2315
a 50565194 50565198 103
a 287802536 287802533 1299
a 287802533 51303054 376
a 334248431 59852854 317
a 59852854 51392546 432
a 51392546 334248431 264
a 1830785852 51407770 2362
a 51407770 1830785852 2362
a 51407770 1830785656 1672
a 1830785656 51407770 1672
a 1830785656 2974545817 332
a 2974545817 1830785656 332
a 2974545817 61152732 8428
a 61152732 2974545817 8428
a 61155600 61155469 6909
a 61155469 61155600 6909
a 61155469 1438648138 1359
a 1438648138 61155469 1359
a 14468464 266174256 2107
a 266174256 14468464 2107
a 266174256 61155600 255
a 61155600 266174256 255
a 61155989 14468415 1156
a 51407636 61158135 14477
a 61158135 51407636 14477
a 51407713 1831548222 596
a 1831548222 51407713 596
a 1831548222 114128011 5182
a 114128011 1831548222 5182
a 114128011 288673642 39665
a 288673642 114128011 39665
a 61862112 61862419 27310
a 61862419 61862112 27310
a 61872299 15904782 3468
a 59898200 15904735 407
a 15904735 59898202 382
a 59898202 59898200 800
a 59898200 15904743 13155
a 15904743 59898200 13155
a 61881708 61881719 891
a 61881719 61881708 891
a 61881719 899159806 117
a 899159806 61881719 117
a 899159806 899159785 805
a 899159785 899159806 805
a 61881719 61881716 829
a 61881716 61881719 829
a 61881741 61881748 1589
a 61881748 61881741 1589
a 2358306564 899159806 2358
a 899159806 2358306564 2358
a 64799085 64799126 345
a 64799126 64799085 345
a 64799126 64799180 5267
a 64799180 64799126 5267
a 64799180 64799199 3548
a 64799199 64799180 3548
a 64799199 64799268 6765
a 64799268 64799199 6765
a 944507826 64912065 55551
a 64912065 944507826 55551
a 64912065 64912094 575
a 64912094 64912065 575
a 64912094 64912358 12224
a 64912358 64912094 12224
a 64912358 896285574 34288
a 896285574 64912358 34288
a 60378615 60375613 1880
a 60375613 60378615 1880
a 60375613 2119147328 3668
a 2119147328 60375613 3668
a 82568001 82568002 503
a 82568002 82568001 503
a 82568118 82568154 22568
a 82568154 82568118 22568
a 82568373 82568446 39677
a 82568446 82568373 39677
a 82568482 82568373 2258
a 82568373 82568482 2258
a 82568446 82568118 685
a 82568118 82568446 685
a 82568668 82568690 9287
a 82568690 82568668 9287
a 82568765 82568668 34059
a 82568668 82568765 34059
a 82569211 82568905 10795
a 82568905 82569211 10795
a 82568905 82568765 18456
a 82568765 82568905 18456
a 61900922 1877277329 12834
a 1877277329 61900922 12834
a 1877277329 2470753302 4325
a 2470753302 1877277329 4325
a 82569772 553329775 27660
a 553329775 82569772 27660
a 82570207 82570060 67137
a 82570060 82570207 67137
a 82570263 82570207 10721
a 82570207 82570263 10721
a 14471759 82570686 73027
a 82570686 14471759 73027
a 82570686 82570774 42737
a 82570774 82570686 42737
a 82570774 82570363 17496
a 82570363 82570774 17496
a 82570363 82570367 1255
a 82570367 82570363 1255
a 82570367 82570471 51320
a 82570471 82570367 51320
a 59744607 1215488072 78610
a 1215488072 59744607 78610
a 1215488072 1675895230 3586
a 1675895230 1215488072 3586
a 1675895230 82571252 28028
a 82571252 1675895230 28028
a 82571741 1216750831 18834
a 1216750831 82571741 18834
a 1216750831 82572005 20429
a 82572005 1216750831 20429
a 82571827 82572005 23121
a 82572005 82571827 23121
a 82572005 82571741 24519
a 82571741 82572005 24519
a 82571741 82572247 19999
a 82572247 82571741 19999
a 440374515 1041248541 33775
a 1041248541 440374515 33775
a 82572763 1239905708 12507
a 1239905708 82572763 12507
a 1239905708 301220634 12502
a 301220634 1239905708 12502
a 301220634 82572841 20389
a 82572841 301220634 20389
a 51304944 2178557299 3314
a 2178557299 51304944 3314
a 82574786 1039029680 11165
a 1039029680 82574786 11165
a 1039029680 82574657 42385
a 82574657 1039029680 42385
a 82574770 82574774 3575
a 82574774 82574770 3575
a 82574774 82574775 1425
a 82574775 82574774 1425
a 82574775 1203783271 180
a 1203783271 82574775 180
a 1203783271 82574779 2942
a 82574779 1203783271 2942
a 82574779 418870724 7251
a 418870724 82574779 7251
a 60668423 344902465 16005
a 344902465 60668423 16005
a 344902465 82575574 1543
a 82575574 344902465 1543
a 82575890 344914903 11795
a 344914903 82575890 11795
a 344914903 344914854 222
a 344914854 344914903 222
a 344914854 82575931 35569
a 82575931 344914854 35569
a 82576562 3102090356 99142
a 3102090356 82576562 99142
a 3102090356 294930108 401
a 294930108 3102090356 401
a 82576684 2996006029 24764
a 2996006029 82576684 24764
a 2996006029 294922522 1371
a 294922522 2996006029 1371
a 294922522 14471679 173803
a 14471679 294922522 173803
a 82577064 82577076 13154
a 82577076 82577064 13154
a 82577076 82577113 32856
a 82577113 82577076 32856
a 82578292 82578070 46120
a 82578070 82578292 46120
a 82578465 340132821 3515
a 340132821 82578465 3515
a 340132821 2789926511 1203
a 2789926511 340132821 1203
a 2789926511 2788692199 83099
a 2788692199 2789926511 83099
a 2788692199 1039154488 1505
a 1039154488 2788692199 1505
a 1039154488 82578267 3195
a 82578267 1039154488 3195
a 762768982 762769032 140
a 50486962 82578580 7975
a 82578580 50486962 7975
a 82578580 1280297693 50205
a 1280297693 82578580 50205
a 1280297693 497498550 41706
a 497498550 1280297693 41706
a 497498550 82578078 55895
a 82578078 497498550 55895
a 82579263 82578759 6026
a 82578759 82579263 6026
a 82578759 82578770 11270
a 82578770 82578759 11270
a 82579094 82578759 3190
a 82578759 82579094 3190
a 82580484 439743400 12324
a 439743400 82580484 12324
a 439743400 82580642 37281
a 82580642 439743400 37281
a 82580642 59744528 16904
a 59744528 82580642 16904
a 486534654 2996455702 15461
a 2996455702 486534654 15461
a 2996455702 486554118 20517
a 486554118 2996455702 20517
a 486554118 82581002 194
a 82581002 486554118 194
a 60676559 748780420 967
a 60668423 344667186 20245
a 344667186 60668423 20245
a 344667186 337573392 11403
a 337573392 344667186 11403
a 337573392 344627558 39028
a 344627558 337573392 39028
a 344627558 344627595 91
a 344627595 344627558 91
a 344627595 344627601 1149
a 344627601 344627595 1149
a 344627601 344627605 373
a 344627605 344627601 373
a 344627605 344627598 908
a 344627598 344627605 908
a 344627598 344627610 776
a 344627610 344627598 776
a 344627610 344627613 2959
a 344627613 344627610 2959
a 344627613 344627624 578
a 344627624 344627613 578
a 344627624 266172533 755
a 266172533 344627624 755
a 266172533 344627626 1016
a 344627626 266172533 1016
a 344627626 344627633 605
a 344627633 344627626 605
a 344627633 266172530 1216
a 266172530 344627633 1216
a 266172530 51303288 1559
a 51303288 266172530 1559
a 59740283 59740282 532
a 59740282 897108976 533
a 897108976 59740277 2388
a 91584369 2216605255 1600
a 2216605255 91584369 1600
a 2216605255 841526247 6124
a 841526247 2216605255 6124
a 841526247 841526239 390
a 841526239 841526247 390
a 841526239 64809587 1345
a 64809587 841526239 1345
a 64809587 64809585 472
a 64809585 64809587 472
a 64809585 1071760287 1571
a 1071760287 64809585 1571
a 1071760287 1071760152 1504
a 1071760152 1071760287 1504
a 1071760152 2207494529 1943
a 2207494529 1071760152 1943
a 2207494529 2207494573 2855
a 2207494573 2207494529 2855
a 2207494573 2207494526 6525
a 2207494526 2207494573 6525
a 2207494526 2207487379 2857
a 2207487379 2207494526 2857
a 2207487379 2207487367 1082
a 2207487367 2207487379 1082
a 2207487367 2207487383 228
a 2207487383 2207487367 228
a 2207487383 2992076631 2242
a 2992076631 2207487383 2242
a 91584369 91584373 186
a 91584373 560111664 88
a 560111664 560133634 97
a 560133634 91584380 99
a 91584380 91584369 370
a 91584373 560133633 192
a 2996705392 2996667781 2726
a 2996667781 2996705392 2726
a 2996667781 114127259 270
a 114127259 2996667781 270
a 114127259 114127405 25502
a 114127405 114127259 25502
a 114127405 300445646 3182
a 300445646 114127405 3182
a 300445646 1597846384 28123
a 1597846384 300445646 28123
a 1597846384 114127590 6135
a 114127590 1597846384 6135
a 114132101 50532694 2926
a 61152732 117416817 755
a 117416817 61152732 755
a 117416864 2974636601 833
a 2974636601 117416864 833
a 2974636601 117426363 10701
a 117426363 2974636601 10701
a 117426363 61152732 74742
a 61152732 117426363 74742
a 117416817 117416854 801
a 117416854 117416864 286
a 117416864 117416817 1300
a 60606370 60606640 46682
a 60606640 60606370 46682
a 60606976 60607055 21194
a 60607055 60606976 21194
a 60607055 60607284 62753
a 60607284 60607055 62753
a 1215491130 1390061441 58286
a 1390061441 1215491130 58286
a 1390061441 82571462 13957
a 82571462 1390061441 13957
a 82571462 218864855 29467
a 218864855 82571462 29467
a 245917185 245560584 800
a 245560584 245917185 800
a 245560584 2315643818 727
a 2315643818 245560584 727
a 245560587 245560586 1155
a 245561163 245561024 501
a 245561024 245561163 501
a 245561024 245560587 1870
a 245560587 245561024 1870
a 245560587 245917187 822
a 245917187 245560587 822
a 245917187 245565381 343
a 245565381 245917187 343
a 245565381 245564164 792
a 245564164 245565381 792
a 245564917 245565380 1083
a 245565380 245564917 1083
a 245565380 245564164 861
a 245564164 245565380 861
a 245564165 245916854 799
a 245916854 245564165 799
a 245916854 245564918 1473
a 245564918 245916854 1473
a 245565377 245565378 752
a 245565378 245560587 692
a 245565378 245565376 1285
a 245565376 245565378 1285
a 245565376 245565380 859
a 245565380 245565376 859
a 245565382 245565376 1014
a 245565376 245565382 1014
a 245565376 245565381 786
a 245565381 245565376 786
a 245566353 245565924 954
a 245565924 245566353 954
a 245565924 274590000 427
a 274590000 245565924 427
a 274590000 245916699 72
a 245916699 274590000 72
a 245566349 245916607 658
a 245916607 245565925 466
a 245565925 245565921 344
a 245565921 245565927 303
a 245565927 274590031 236
a 274590031 245566351 934
a 59845224 60622888 499
a 60622888 59845224 499
a 245560585 245566356 2820
a 245566356 245560585 2820
a 268644970 274589909 753
a 274589909 274589910 254
a 274589910 245567196 320
a 245567196 571437406 281
a 571437406 245567197 395
a 268644983 245566351 662
a 245560585 245561024 1169
a 245565921 274590403 412
a 274590403 245565921 412
a 274590403 245566353 463
a 245566353 274590403 463
a 245566349 2317369219 1292
a 2317369219 268644998 74
a 268644998 2338437855 1530
a 2338437855 1711192412 221
a 1711192412 2315173336 647
a 1711192424 2338437849 218
a 2338437849 275387669 698
a 275387669 245916603 990
a 245916603 500853756 871
a 500853756 245916607 674
a 245565927 274589889 112
a 274589889 274589903 495
a 274589903 268644997 473
a 268644997 245916696 625
a 59845224 275387687 303
a 275387687 59845224 303
a 275387687 275387809 306
a 275387809 275387687 306
a 275387809 1802503982 366
a 1802503982 275387809 366
a 1802503982 268597046 1541
a 268597046 1802503982 1541
a 275387819 276037417 471
a 276037417 275387819 471
a 276037417 276037428 240
a 276037428 276037417 240
a 276037428 59845224 703
a 59845224 276037428 703
a 245916852 245916854 1284
a 245564166 245916852 757
a 245916852 245564166 757
a 245916852 274589878 357
a 274589878 245916852 357
a 274589878 245916853 739
a 245916853 274589878 739
a 245917016 245917017 2063
a 245917017 245917016 2063
a 245917016 245917015 700
a 245917015 245917016 700
a 245917015 274589866 279
a 274589866 245917015 279
a 274589866 245564166 475
a 245564166 274589866 475
a 245917015 245917018 936
a 245917018 245917015 936
a 245917018 245917020 1238
a 245917020 245917018 1238
a 245917186 245917187 1342
a 245917018 245917237 657
a 245917237 245917018 657
a 245917018 2317445152 593
a 2317445152 245917018 593
a 245561028 245917314 1832
a 245917314 245561028 1832
a 245917328 245917379 3498
a 245917379 245917328 3498
a 245916772 275387691 307
a 275387691 275387803 262
a 275387803 245968684 426
a 245968684 275387822 633
a 275387822 275387696 628
a 275387696 2882719407 461
a 2882719407 275387797 24
a 275387797 1802503982 328
a 245969244 245969237 198
a 245969237 245969238 220
a 245969238 245969244 241
a 245970524 1829260032 207
a 1829260032 59747248 243
a 245970523 245970532 395
a 245969238 275387019 913
a 275387019 245969238 913
a 275387019 2330072399 62
a 2330072399 275387019 62
a 2330072399 2314992937 2385
a 2314992937 2330072399 2385
a 2314992937 1386491795 1626
a 1386491795 2314992937 1626
a 51392872 1555701073 78
a 1555701073 51392872 78
a 506339669 248829876 421
a 660329147 506339669 379
a 339399875 660329147 447
a 14470558 248830324 1108
a 248830324 14470558 1108
a 248830324 2868649040 2003
a 2868649040 248830324 2003
a 60370589 60370590 8707
a 60370590 60370589 8707
a 560745012 1797913135 2913
a 1797913135 2051178063 6039
a 61899177 1797940421 995
a 1797940421 61899204 171
a 61899204 61899210 796
a 721366004 1797940463 709
a 1797940463 2051178061 506
a 339815928 721365985 107
a 721365985 61899177 271
a 61899177 339815936 191
a 339815936 721366004 168
a 721366004 302040177 374
a 302040177 339815929 107
a 339815929 721366022 336
a 721366022 339815928 335
a 1865703281 1811471364 1818
a 1811471364 721377537 1007
a 721419524 336541953 1026
a 394850019 394850020 269
a 394850020 255843142 355
a 255843142 1828423266 388
a 1828423266 394850021 137
a 334242685 255843599 66
a 255843599 1828637753 111
a 1828637753 1828637757 166
a 1828637757 334242676 93
a 334242676 334242681 59
a 334242681 1828637752 124
a 1828637752 257420705 32
a 257420705 334242685 140
a 82579263 1768947982 7354
a 1768947982 82579263 7354
a 1768947982 1768947990 2280
a 1768947990 1768947982 2280
a 1768947990 1768947979 2753
a 1768947979 1768947990 2753
a 1768947979 1768947936 2030
a 1768947936 1768947979 2030
a 1768947936 257006626 24186
a 257006626 1768947936 24186
a 257006626 257009384 81791
a 257009384 257006626 81791
a 257009384 1840983892 7068
a 1840983892 257009384 7068
a 1840983892 1041353635 23329
a 1041353635 1840983892 23329
a 1041353635 1840984134 356
a 1840984134 1041353635 356
a 1840984134 1840984433 10498
a 1840984433 1840984134 10498
a 1840984433 1839194693 19257
a 1839194693 1840984433 19257
a 255850476 255850479 14408
a 255850481 255850486 14364
a 1828189503 394758239 687
a 21103149 1386556703 4634
a 255850496 59847789 3116
a 423740144 278130745 333
a 21103152 276985076 745
a 255850504 276984551 749
a 276984551 276986094 1924
a 276986094 276986059 1635
a 51352154 1711192476 480
a 1711192476 51352154 480
a 268644991 1438522404 2076
a 1438522404 268644991 2076
a 1335030508 528196651 232
a 778216687 59744662 39
a 59744662 559762712 130
a 559762712 256103659 112
a 256103659 1335030508 313
a 1335030508 559762711 119
a 559762711 255875888 139
a 255875888 778216679 155
a 778216679 778216687 197
a 21103257 404671109 6654
a 404671109 21103257 6654
a 1828666941 503849199 499
a 503849199 1828666941 499
a 503849199 501745436 1130
a 501745436 503849199 1130
a 501745436 2905326162 5516
a 2905326162 501745436 5516
